[header-bg.jpg]
filters=finetune2=1,0.000000,0.000000,0.039298,00000000,0.000000;Soften=1,50.000000,50.000000;
moddate=49674b4ef983d201
width=1366
height=768
textactive=0
[1.jpg]
filters=crop64=1,1be00000c0feffff;
crop=rect64(1be00000c0feffff)
moddate=0d765c210784d201
width=1800
height=1163
textactive=0
